遥控器参数        CH1-CH6 data: 992 992 192 192 192 192     
            
                        CH1     CH2     CH3     CH4     CH5     CH6    
                  MAX   1777    1785    1792    1792    1792    1792
                  MID   992     992             992
                  MIN   192     192     192     192     192     192
                  

编码器转速对应表
                               单位时间5ms
                PWM                             PULSE        
                200                              22
                300                              45
                400                              71
                500                              97
                600                              123
                650                              135
                700                              147
                750                              160
                800                              172
                850                              187
                900                              198
                1500                             345
                
                
                roll-逆时针为负
                yaw-逆时针为正
                
                
//-------编码器转速对应表
                               单位时间1ms
                PWM                             PULSE        
                200                              7
                300                              13
                400                              19
                500                              23
                600                              30
                650                              33
                700                              36
                750                              39
                800                              42
                850                              45
                900                              48
                1500                             80
                
                
                
//-------磁编转速对应表
                               单位时间1ms
                PWM                             PULSE        
                200                              75
                300                              127
                400                              181
                500                              237
                600                              295
                650                              323
                700                              351
                750                              380
                800                              408
                850                              436
                900                              464
                1000                             520
                1100                             575
                1200                             630
                1300                             687
                1400                             741
                1500                             797